9
OP828905.1  0.0000000 0.2137443 0.2067788 0.2219302 9.0000000 0.1750775 0.1991422 0.3182860 0.3181297 
KC855665.1  0.2137443 0.0000000 0.0382949 0.1745536 8.3518040 0.1322067 0.1531147 0.2475899 0.2460816 
KC855664.1  0.2067788 0.0382949 0.0000000 0.1701624 7.6404113 0.1313029 0.1562912 0.2231954 0.2395632 
KM592986.1  0.2219302 0.1745536 0.1701624 0.0000000 7.9292444 0.1828446 0.2165630 0.2292344 0.2709489 
KC855606.1  9.0000000 8.3518040 7.6404113 7.9292444 0.0000000 8.4269560 8.1358096 8.6357781 8.2805938 
KM593057.1  0.1750775 0.1322067 0.1313029 0.1828446 8.4269560 0.0000000 0.0595501 0.2561982 0.2482992 
KM593059.1  0.1991422 0.1531147 0.1562912 0.2165630 8.1358096 0.0595501 0.0000000 0.2783361 0.2877915 
NC_029354.1 0.3182860 0.2475899 0.2231954 0.2292344 8.6357781 0.2561982 0.2783361 0.0000000 0.2469888 
KX453764.1  0.3181297 0.2460816 0.2395632 0.2709489 8.2805938 0.2482992 0.2877915 0.2469888 0.0000000 
