20
blax__SD__Illumina              0.0000000 0.2034977 0.2174361 0.2103340 0.2034472 0.2014227 0.2021114 0.2012448 0.2750399 0.2227956 0.2203411 0.2101279 0.2259537 0.2342465 0.2203411 0.2605864 0.2139396 0.2081190 0.2052528 0.2003364 
calciphala__LAS__ALL            0.2034977 0.0000000 0.2152360 0.2059473 0.1921899 0.1910387 0.2257039 0.2235124 0.2317931 0.2114575 0.2079736 0.1912256 0.2158495 0.2158526 0.2079736 0.2405175 0.2327120 0.2008446 0.1991758 0.1903018 
fusca__TN__Athens__Illumina_ALL 0.2174361 0.2152360 0.0000000 0.2323309 0.2178882 0.2180033 0.2116014 0.2120502 0.2543717 0.1987725 0.1970456 0.1953033 0.1929634 0.1995332 0.1970456 0.2166529 0.2335768 0.2199535 0.2142032 0.2085633 
Mer_arge__CA__Calco_L_          0.2103340 0.2059473 0.2323309 0.0000000 0.0035822 0.0035822 0.2063929 0.2066434 0.3000662 0.2214045 0.2218339 0.2228094 0.2195224 0.2252201 0.2218339 0.2360373 0.1164678 0.2366420 0.2436313 0.2319679 
Mer_arge__OR__Willamette__ALL   0.2034472 0.1921899 0.2178882 0.0035822 0.0000000 0.0012682 0.1871657 0.1875932 0.2525152 0.2067444 0.2057289 0.2076691 0.2044552 0.2112840 0.2057289 0.2296936 0.1194820 0.2012581 0.2043383 0.1981900 
Mer.arge__WA__MORA-F__ALL       0.2014227 0.1910387 0.2180033 0.0035822 0.0012682 0.0000000 0.1877035 0.1881306 0.2507728 0.2055252 0.2045051 0.2064340 0.2024184 0.2100419 0.2045051 0.2296273 0.1215835 0.1988092 0.2044505 0.1957490 
Mer.idahoensis__FTF__ALL        0.2021114 0.2257039 0.2116014 0.2063929 0.1871657 0.1877035 0.0000000 0.0012699 0.1985800 0.1511046 0.1508047 0.1659053 0.1519862 0.1585230 0.1508047 0.1604624 0.2288397 0.1811695 0.1805403 0.1741926 
Mer.idahoensis__MM__ALL         0.2012448 0.2235124 0.2120502 0.2066434 0.1875932 0.1881306 0.0012699 0.0000000 0.1990947 0.1514264 0.1511238 0.1662495 0.1523076 0.1588582 0.1511238 0.1608406 0.2279757 0.1838661 0.1832395 0.1768361 
Mer_lobata__AZ-MtGr__5E         0.2750399 0.2317931 0.2543717 0.3000662 0.2525152 0.2507728 0.1985800 0.1990947 0.0000000 0.0606398 0.0598355 0.0227791 0.0582253 0.0569584 0.0598355 0.0680093 0.2800106 0.1320959 0.1325292 0.1253352 
Mer_lobata__BC__Cow_Crk__ALL    0.2227956 0.2114575 0.1987725 0.2214045 0.2067444 0.2055252 0.1511046 0.1514264 0.0606398 0.0000000 0.0079273 0.0393965 0.0045491 0.0058921 0.0079273 0.0058962 0.2330752 0.1078394 0.1096228 0.1028357 
Mer-lobata__BH__SD__ALL         0.2203411 0.2079736 0.1970456 0.2218339 0.2057289 0.2045051 0.1508047 0.1511238 0.0598355 0.0079273 0.0000000 0.0345165 0.0058988 0.0072622 0.0000010 0.0120938 0.2242470 0.1056054 0.1046065 0.1005976 
Mer_lobata__CO-Rt._91__ALL      0.2101279 0.1912256 0.1953033 0.2228094 0.2076691 0.2064340 0.1659053 0.1662495 0.0227791 0.0393965 0.0345165 0.0000000 0.0352985 0.0353014 0.0345165 0.0471868 0.2260681 0.0938233 0.0955381 0.0891683 
Mer_lobata__ID_GPine__ALL       0.2259537 0.2158495 0.1929634 0.2195224 0.2044552 0.2024184 0.1519862 0.1523076 0.0582253 0.0045491 0.0058988 0.0352985 0.0000000 0.0025887 0.0058988 0.0066545 0.2277340 0.1019439 0.1037002 0.0997521 
Mer_lobata__ID__Hayden__ALL     0.2342465 0.2158526 0.1995332 0.2252201 0.2112840 0.2100419 0.1585230 0.1588582 0.0569584 0.0058921 0.0072622 0.0353014 0.0025887 0.0000000 0.0072622 0.0074236 0.2350111 0.1042577 0.1060321 0.1020299 
Mer_lobata__SD__BH__ALL         0.2203411 0.2079736 0.1970456 0.2218339 0.2057289 0.2045051 0.1508047 0.1511238 0.0598355 0.0079273 0.0000010 0.0345165 0.0058988 0.0072622 0.0000000 0.0120938 0.2242470 0.1056054 0.1046065 0.1005976 
Mer-lobata__WY__Both_Ends       0.2605864 0.2405175 0.2166529 0.2360373 0.2296936 0.2296273 0.1604624 0.1608406 0.0680093 0.0058962 0.0120938 0.0471868 0.0066545 0.0074236 0.0120938 0.0000000 0.2615213 0.1254602 0.1263409 0.1227206 
Mer_tahoensis__2016__ALL        0.2139396 0.2327120 0.2335768 0.1164678 0.1194820 0.1215835 0.2288397 0.2279757 0.2800106 0.2330752 0.2242470 0.2260681 0.2277340 0.2350111 0.2242470 0.2615213 0.0000000 0.2221984 0.2199604 0.2224049 
Mer.xavia__CA__Watson_Crk__ALL  0.2081190 0.2008446 0.2199535 0.2366420 0.2012581 0.1988092 0.1811695 0.1838661 0.1320959 0.1078394 0.1056054 0.0938233 0.1019439 0.1042577 0.1056054 0.1254602 0.2221984 0.0000000 0.0080131 0.0072776 
Mer_xavia__GVIL_1__ALL          0.2052528 0.1991758 0.2142032 0.2436313 0.2043383 0.2044505 0.1805403 0.1832395 0.1325292 0.1096228 0.1046065 0.0955381 0.1037002 0.1060321 0.1046065 0.1263409 0.2199604 0.0080131 0.0000000 0.0046027 
Mer_xavia__GVIL_2__ALL          0.2003364 0.1903018 0.2085633 0.2319679 0.1981900 0.1957490 0.1741926 0.1768361 0.1253352 0.1028357 0.1005976 0.0891683 0.0997521 0.1020299 0.1005976 0.1227206 0.2224049 0.0072776 0.0046027 0.0000000 
