35
appalachiensis__Coweeta__ALL       0.0000000 0.1515475 0.1243023 0.1714402 0.0928246 0.1869794 0.1699640 0.1700392 0.1466547 0.1469434 7.1682714 0.1596936 0.1536586 6.6967654 7.5391758 0.1638542 6.7808284 0.1825515 0.1536500 0.1927129 0.1596975 0.1638610 0.1633465 0.1653222 0.1702460 0.1638610 0.1816093 0.2132442 7.5140121 0.1937027 0.1734425 0.1696785 0.1675041 0.1544140 0.1757623 
blax__SD__Illumina                 0.1515475 0.0000000 0.1679771 0.1771778 0.1655378 0.1698229 0.1669876 0.1650981 0.1675925 0.1667677 6.9722715 0.1755971 0.1644721 6.7165527 7.6040290 0.1748410 6.8097711 0.1789699 0.1625081 0.2098082 0.1756129 0.1748562 0.1686311 0.1788813 0.1844139 0.1748562 0.2023621 0.2021562 7.2714439 0.1768835 0.1687855 0.1675594 0.1634232 0.1377075 0.1344293 
calciphala__LAS__ALL               0.1243023 0.1679771 0.0000000 0.1776990 0.1241262 0.1679789 0.1577847 0.1569049 0.1817139 0.1796962 7.3995506 0.1717599 0.1501722 6.9194988 7.7936445 0.1691466 7.0230331 0.1889140 0.1501996 0.1855850 0.1717725 0.1691573 0.1566265 0.1753364 0.1753220 0.1691573 0.1918011 0.2076455 7.8344147 0.1917509 0.1647491 0.1638547 0.1570076 0.1621642 0.1734200 
fusca__TN__Athens__Illumina_ALL    0.1714402 0.1771778 0.1776990 0.0000000 0.1634977 0.1869183 0.1782836 0.1783635 0.1758238 0.1761727 7.3989307 0.1619614 0.1752404 6.9395628 7.9789961 0.1606027 7.0180159 0.2165606 0.1741324 0.1982162 0.1619670 0.1606073 0.1597585 0.1582602 0.1622053 0.1606073 0.1744334 0.2186990 7.7382891 0.1948125 0.1781961 0.1745518 0.1697877 0.1787099 0.1723794 
inextricata__NC__Curtis_Crk-1__ALL 0.0928246 0.1655378 0.1241262 0.1634977 0.0000000 0.1716118 0.1560017 0.1541934 0.1655496 0.1658806 7.4495231 0.1623418 0.1640209 6.9675021 7.6795840 0.1601762 7.0625022 0.1889704 0.1636305 0.1928009 0.1623476 0.1601804 0.1695997 0.1635798 0.1687499 0.1601804 0.1814394 0.2112718 7.7493522 0.1979970 0.1720492 0.1691930 0.1650799 0.1708023 0.1816307 
Mer_arge__CA__Calco_L_             0.1869794 0.1698229 0.1679789 0.1869183 0.1716118 0.0000000 0.0035462 0.0035462 0.1621156 0.1622986 8.8568017 0.1767495 0.2061542 8.4135852 9.0000000 0.1762359 8.5347257 0.2017302 0.1999733 0.2296195 0.1767726 0.1762585 0.1771935 0.1749031 0.1787257 0.1762585 0.1840312 0.2349099 9.0000000 0.1030558 0.1857060 0.1898939 0.1816990 0.1946282 0.2084919 
Mer_arge__OR__Willamette__ALL      0.1699640 0.1669876 0.1577847 0.1782836 0.1560017 0.0035462 0.0000000 0.0012660 0.1511241 0.1514341 7.5830969 0.1675735 0.1828521 7.1929032 8.1257056 0.1660659 7.2769191 0.1896735 0.1793311 0.1982773 0.1675831 0.1660745 0.1668641 0.1661725 0.1702395 0.1660745 0.1823598 0.2155312 8.0000522 0.1069155 0.1622566 0.1637913 0.1595973 0.1853731 0.2013526 
Mer.arge__WA__MORA-F__ALL          0.1700392 0.1650981 0.1569049 0.1783635 0.1541934 0.0035462 0.0012660 0.0000000 0.1515131 0.1518235 7.5754904 0.1666477 0.1808041 7.1857798 8.1184571 0.1651419 7.2698129 0.1876460 0.1773580 0.1969412 0.1666566 0.1651498 0.1659339 0.1642775 0.1692968 0.1651498 0.1825021 0.2159263 7.9904559 0.1088255 0.1600768 0.1638652 0.1574311 0.1857408 0.1993053 
Mer.idahoensis__FTF__ALL           0.1466547 0.1675925 0.1817139 0.1758238 0.1655496 0.1621156 0.1511241 0.1515131 0.0000000 0.0012670 7.2191986 0.1287374 0.1501499 6.7536723 7.7683646 0.1288347 6.8509619 0.1700154 0.1479603 0.1655269 0.1275093 0.1276117 0.1411225 0.1286613 0.1332578 0.1276117 0.1338446 0.1489494 7.5756587 0.1884614 0.1505182 0.1497197 0.1449953 0.1760740 0.1693048 
Mer.idahoensis__MM__ALL            0.1469434 0.1667677 0.1796962 0.1761727 0.1658806 0.1622986 0.1514341 0.1518235 0.0012670 0.0000000 7.2716662 0.1289834 0.1493291 6.8035356 7.8211366 0.1290800 6.9008235 0.1689318 0.1471646 0.1659212 0.1277526 0.1278544 0.1413914 0.1289062 0.1335120 0.1278544 0.1341297 0.1456804 7.6293083 0.1876225 0.1521785 0.1513789 0.1466242 0.1722892 0.1696440 
nrminut                            7.1682714 6.9722715 7.3995506 7.3989307 7.4495231 8.8568017 7.5830969 7.5754904 7.2191986 7.2716662 0.0000000 6.8568353 7.3125073 0.1841443 0.1915553 6.7726316 0.1875322 6.6128755 7.2483896 7.0432735 6.9650021 6.8766568 6.8514381 6.9857121 6.9541399 6.8766568 7.3230658 7.6480943 0.0025880 7.6451533 6.9111881 6.9019246 6.9292938 7.3516428 7.0389536 
lobata_AZ/Cow_Crk                  0.1596936 0.1755971 0.1717599 0.1619614 0.1623418 0.1767495 0.1675735 0.1666477 0.1287374 0.1289834 6.8568353 0.0000000 0.1087777 6.4610401 7.2333563 0.0072215 6.5075729 0.1598507 0.1064923 0.0578556 0.0006378 0.0084606 0.0379864 0.0051584 0.0064730 0.0084606 0.0065091 0.1814668 7.3608113 0.1886536 0.0940227 0.0954761 0.0900500 0.1699437 0.1796357 
Meringo__Jalisco_                  0.1536586 0.1644721 0.1501722 0.1752404 0.1640209 0.2061542 0.1828521 0.1808041 0.1501499 0.1493291 7.3125073 0.1087777 0.0000000 6.6907513 7.6577541 0.1063291 6.7435054 0.1857307 0.0006533 0.1332390 0.1084518 0.1059317 0.1093833 0.1090685 0.1112961 0.1059317 0.1186662 0.1881758 7.6122590 0.1755943 0.1141014 0.1095286 0.1093945 0.1871520 0.1640610 
GVIL_MM                            6.6967654 6.7165527 6.9194988 6.9395628 6.9675021 8.4135852 7.1929032 7.1857798 6.7536723 6.8035356 0.1841443 6.4610401 6.6907513 0.0000000 0.1683049 6.4111860 0.0042498 6.3811327 6.7222229 6.5916266 6.6044044 6.5536222 6.5017963 6.6143540 6.5892931 6.5536222 6.8340013 6.8898044 0.2007975 7.0223514 6.6725611 6.6259831 6.6403739 7.0219972 6.4743603 
Mmin                               7.5391758 7.6040290 7.7936445 7.9789961 7.6795840 9.0000000 8.1257056 8.1184571 7.7683646 7.8211366 0.1915553 7.2333563 7.6577541 0.1683049 0.0000000 7.1935271 0.1694428 7.2616723 7.6332751 7.4755408 7.3609805 7.3193938 7.3929339 7.4269878 7.3927466 7.3193938 7.7908813 7.7505898 0.2019045 8.1606519 7.1342118 7.1613518 7.1462188 7.8020856 7.4440605 
SD_lobata                          0.1638542 0.1748410 0.1691466 0.1606027 0.1601762 0.1762359 0.1660659 0.1651419 0.1288347 0.1290800 6.7726316 0.0072215 0.1063291 6.4111860 7.1935271 0.0000000 6.4575903 0.1559530 0.1040672 0.0571794 0.0084606 0.0006375 0.0334943 0.0064762 0.0078017 0.0006375 0.0124851 0.1754008 7.2696376 0.1816443 0.0918764 0.0912847 0.0879148 0.1732581 0.1818906 
GVIL_xavia                         6.7808284 6.8097711 7.0230331 7.0180159 7.0625022 8.5347257 7.2769191 7.2698129 6.8509619 6.9008235 0.1875322 6.5075729 6.7435054 0.0042498 0.1694428 6.4575903 0.0000000 6.4374872 6.7759141 6.6814944 6.6549910 6.6041179 6.5536829 6.6655711 6.6403184 6.6041179 6.8904349 6.9556967 0.2055092 7.0935948 6.7270952 6.7218748 6.7384970 7.1000528 6.5809302 
Narada_Female_2___sinclairi_       0.1825515 0.1789699 0.1889140 0.2165606 0.1889704 0.2017302 0.1896735 0.1876460 0.1700154 0.1689318 6.6128755 0.1598507 0.1857307 6.3811327 7.2616723 0.1559530 6.4374872 0.0000000 0.1858001 0.1943581 0.1743124 0.1699584 0.1644790 0.1682837 0.1709013 0.1699584 0.1905990 0.2221574 7.1778966 0.2130276 0.1523849 0.1610244 0.1545177 0.2084377 0.2052708 
Mer.jalisco_ALL                    0.1536500 0.1625081 0.1501996 0.1741324 0.1636305 0.1999733 0.1793311 0.1773580 0.1479603 0.1471646 7.2483896 0.1064923 0.0006533 6.7222229 7.6332751 0.1040672 6.7759141 0.1858001 0.0000000 0.1317240 0.1053517 0.1029390 0.1053594 0.1059549 0.1080926 0.1029390 0.1192430 0.1816063 7.5595445 0.1732493 0.1089534 0.1046069 0.1044546 0.1808500 0.1574095 
Mer_lobata__AZ-MtGr__5E            0.1927129 0.2098082 0.1855850 0.1982162 0.1928009 0.2296195 0.1982773 0.1969412 0.1655269 0.1659212 7.0432735 0.0578556 0.1332390 6.5916266 7.4755408 0.0571794 6.6814944 0.1943581 0.1317240 0.0000000 0.0567630 0.0560881 0.0227204 0.0547357 0.0537058 0.0560881 0.0629687 0.2110749 7.3540448 0.2184541 0.1135621 0.1140522 0.1083065 0.2039885 0.2172738 
Mer_lobata__BC__Cow_Crk__ALL       0.1596975 0.1756129 0.1717725 0.1619670 0.1623476 0.1767726 0.1675831 0.1666566 0.1275093 0.1277526 6.9650021 0.0006378 0.1084518 6.6044044 7.3609805 0.0084606 6.6549910 0.1743124 0.1053517 0.0567630 0.0000000 0.0077885 0.0371826 0.0045014 0.0058098 0.0077885 0.0050484 0.1799463 7.3073803 0.1886791 0.0929361 0.0943860 0.0889830 0.1699550 0.1781622 
Mer-lobata__BH__SD__ALL            0.1638610 0.1748562 0.1691573 0.1606073 0.1601804 0.1762585 0.1660745 0.1651498 0.1276117 0.1278544 6.8766568 0.0084606 0.1059317 6.5536222 7.3193938 0.0006375 6.6041179 0.1699584 0.1029390 0.0560881 0.0077885 0.0000000 0.0327078 0.0058127 0.0071320 0.0000010 0.0109835 0.1738979 7.2161906 0.1816646 0.0907915 0.0902052 0.0868509 0.1732718 0.1804075 
Mer_lobata__CO-Rt._91__ALL         0.1633465 0.1686311 0.1566265 0.1597585 0.1695997 0.1771935 0.1668641 0.1659339 0.1411225 0.1413914 6.8514381 0.0379864 0.1093833 6.5017963 7.3929339 0.0334943 6.5536829 0.1644790 0.1053594 0.0227204 0.0371826 0.0327078 0.0000000 0.0334341 0.0334336 0.0327078 0.0430194 0.1806264 7.1948610 0.1835382 0.0823928 0.0838118 0.0786432 0.1649013 0.1786812 
Mer_lobata__ID_GPine__ALL          0.1653222 0.1788813 0.1753364 0.1582602 0.1635798 0.1749031 0.1661725 0.1642775 0.1286613 0.1289062 6.9857121 0.0051584 0.1090685 6.6143540 7.4269878 0.0064762 6.6655711 0.1682837 0.1059549 0.0547357 0.0045014 0.0058127 0.0334341 0.0000000 0.0025619 0.0058127 0.0057798 0.1733895 7.3257398 0.1856463 0.0884077 0.0898435 0.0865230 0.1719428 0.1786667 
Mer_lobata__ID__Hayden__ALL        0.1702460 0.1844139 0.1753220 0.1622053 0.1687499 0.1787257 0.1702395 0.1692968 0.1332578 0.1335120 6.9541399 0.0064730 0.1112961 6.5892931 7.3927466 0.0078017 6.6403184 0.1709013 0.1080926 0.0537058 0.0058098 0.0071320 0.0334336 0.0025619 0.0000000 0.0071320 0.0065164 0.1733751 7.2916265 0.1900044 0.0900253 0.0914696 0.0881156 0.1772753 0.1813501 
Mer_lobata__SD__BH__ALL            0.1638610 0.1748562 0.1691573 0.1606073 0.1601804 0.1762585 0.1660745 0.1651498 0.1276117 0.1278544 6.8766568 0.0084606 0.1059317 6.5536222 7.3193938 0.0006375 6.6041179 0.1699584 0.1029390 0.0560881 0.0077885 0.0000010 0.0327078 0.0058127 0.0071320 0.0000000 0.0109835 0.1738979 7.2161906 0.1816646 0.0907915 0.0902052 0.0868509 0.1732718 0.1804075 
Mer-lobata__WY__Both_Ends          0.1816093 0.2023621 0.1918011 0.1744334 0.1814394 0.1840312 0.1823598 0.1825021 0.1338446 0.1341297 7.3230658 0.0065091 0.1186662 6.8340013 7.7908813 0.0124851 6.8904349 0.1905990 0.1192430 0.0629687 0.0050484 0.0109835 0.0430194 0.0057798 0.0065164 0.0109835 0.0000000 0.1901124 7.3644906 0.2064706 0.1046988 0.1053109 0.1023891 0.1879753 0.1958882 
Mer.minutiformis_ALL               0.2132442 0.2021562 0.2076455 0.2186990 0.2112718 0.2349099 0.2155312 0.2159263 0.1489494 0.1456804 7.6480943 0.1814668 0.1881758 6.8898044 7.7505898 0.1754008 6.9556967 0.2221574 0.1816063 0.2110749 0.1799463 0.1738979 0.1806264 0.1733895 0.1733751 0.1738979 0.1901124 0.0000000 7.9927882 0.2294470 0.1835902 0.1827764 0.1816880 0.2311257 0.2065064 
Mer.nr.minut_ALL                   7.5140121 7.2714439 7.8344147 7.7382891 7.7493522 9.0000000 8.0000522 7.9904559 7.5756587 7.6293083 0.0025880 7.3608113 7.6122590 0.2007975 0.2019045 7.2696376 0.2055092 7.1778966 7.5595445 7.3540448 7.3073803 7.2161906 7.1948610 7.3257398 7.2916265 7.2161906 7.3644906 7.9927882 0.0000000 7.9931782 7.2854159 7.2675268 7.3084129 7.6928022 7.2540401 
Mer_tahoensis__2016__ALL           0.1937027 0.1768835 0.1917509 0.1948125 0.1979970 0.1030558 0.1069155 0.1088255 0.1884614 0.1876225 7.6451533 0.1886536 0.1755943 7.0223514 8.1606519 0.1816443 7.0935948 0.2130276 0.1732493 0.2184541 0.1886791 0.1816646 0.1835382 0.1856463 0.1900044 0.1816646 0.2064706 0.2294470 7.9931782 0.0000000 0.1797755 0.1783027 0.1802662 0.2071349 0.2040322 
Mer.xavia__CA__Watson_Crk__ALL     0.1734425 0.1687855 0.1647491 0.1781961 0.1720492 0.1857060 0.1622566 0.1600768 0.1505182 0.1521785 6.9111881 0.0940227 0.1141014 6.6725611 7.1342118 0.0918764 6.7270952 0.1523849 0.1089534 0.1135621 0.0929361 0.0907915 0.0823928 0.0884077 0.0900253 0.0907915 0.1046988 0.1835902 7.2854159 0.1797755 0.0000000 0.0078584 0.0071382 0.1782348 0.1758129 
Mer_xavia__GVIL_1__ALL             0.1696785 0.1675594 0.1638547 0.1745518 0.1691930 0.1898939 0.1637913 0.1638652 0.1497197 0.1513789 6.9019246 0.0954761 0.1095286 6.6259831 7.1613518 0.0912847 6.7218748 0.1610244 0.1046069 0.1140522 0.0943860 0.0902052 0.0838118 0.0898435 0.0914696 0.0902052 0.1053109 0.1827764 7.2675268 0.1783027 0.0078584 0.0000000 0.0045460 0.1743669 0.1722568 
Mer_xavia__GVIL_2__ALL             0.1675041 0.1634232 0.1570076 0.1697877 0.1650799 0.1816990 0.1595973 0.1574311 0.1449953 0.1466242 6.9292938 0.0900500 0.1093945 6.6403739 7.1462188 0.0879148 6.7384970 0.1545177 0.1044546 0.1083065 0.0889830 0.0868509 0.0786432 0.0865230 0.0881156 0.0868509 0.1023891 0.1816880 7.3084129 0.1802662 0.0071382 0.0045460 0.0000000 0.1744253 0.1678170 
rhathyme__ID__Apgar_Crk__ALL       0.1544140 0.1377075 0.1621642 0.1787099 0.1708023 0.1946282 0.1853731 0.1857408 0.1760740 0.1722892 7.3516428 0.1699437 0.1871520 7.0219972 7.8020856 0.1732581 7.1000528 0.2084377 0.1808500 0.2039885 0.1699550 0.1732718 0.1649013 0.1719428 0.1772753 0.1732718 0.1879753 0.2311257 7.6928022 0.2071349 0.1782348 0.1743669 0.1744253 0.0000000 0.1626064 
vockerothi__NC__BRP_               0.1757623 0.1344293 0.1734200 0.1723794 0.1816307 0.2084919 0.2013526 0.1993053 0.1693048 0.1696440 7.0389536 0.1796357 0.1640610 6.4743603 7.4440605 0.1818906 6.5809302 0.2052708 0.1574095 0.2172738 0.1781622 0.1804075 0.1786812 0.1786667 0.1813501 0.1804075 0.1958882 0.2065064 7.2540401 0.2040322 0.1758129 0.1722568 0.1678170 0.1626064 0.0000000 
