26
appalachiensis__Coweeta__ALL       0.0000000 0.1933341 0.1539909 0.2224043 0.1067229 0.2476815 0.2215026 0.2216167 0.1886695 0.1890822 0.1955897 0.2628500 0.2079293 0.2134651 0.2119420 0.2149012 0.2232216 0.2134651 0.2435113 0.2893979 0.2517667 0.2273727 0.2208691 0.2179068 0.2001245 0.2338497 
blax__SD__Illumina                 0.1933341 0.0000000 0.2178620 0.2342069 0.2120433 0.2265036 0.2187451 0.2163319 0.2166563 0.2157734 0.2072917 0.3006755 0.2405497 0.2375626 0.2261664 0.2437071 0.2528774 0.2375626 0.2823235 0.2756792 0.2316975 0.2238196 0.2199558 0.2144433 0.1763673 0.1655464 
calciphala__LAS__ALL               0.1539909 0.2178620 0.0000000 0.2333187 0.1523697 0.2248006 0.2078680 0.2065417 0.2469217 0.2446696 0.1936179 0.2518438 0.2281385 0.2243822 0.2065187 0.2328205 0.2328202 0.2243822 0.2599848 0.2836813 0.2525827 0.2157392 0.2138263 0.2039668 0.2132306 0.2281976 
fusca__TN__Athens__Illumina_ALL    0.2224043 0.2342069 0.2333187 0.0000000 0.2088856 0.2503100 0.2344955 0.2346159 0.2263811 0.2268628 0.2214828 0.2782828 0.2146866 0.2129270 0.2113329 0.2081771 0.2155405 0.2129270 0.2352939 0.3043707 0.2506899 0.2371075 0.2306772 0.2245668 0.2389334 0.2221306 
inextricata__NC__Curtis_Crk-1__ALL 0.1067229 0.2120433 0.1523697 0.2088856 0.0000000 0.2251711 0.2033359 0.2010025 0.2173285 0.2178024 0.2142836 0.2603021 0.2111673 0.2091114 0.2200575 0.2131081 0.2214122 0.2091114 0.2429541 0.2941024 0.2611814 0.2304153 0.2251586 0.2192482 0.2220639 0.2414992 
Mer_arge__CA__Calco_L_             0.2476815 0.2265036 0.2248006 0.2503100 0.2251711 0.0000000 0.0035875 0.0035875 0.2253165 0.2255957 0.2766873 0.3297511 0.2397868 0.2409406 0.2417120 0.2380730 0.2443858 0.2409406 0.2561148 0.3358556 0.1225554 0.2570595 0.2654661 0.2514354 0.2639245 0.2815427 
Mer_arge__OR__Willamette__ALL      0.2215026 0.2187451 0.2078680 0.2344955 0.2033359 0.0035875 0.0000000 0.0012694 0.2041978 0.2046660 0.2428223 0.2761063 0.2234398 0.2228580 0.2248022 0.2210372 0.2287047 0.2228580 0.2486587 0.3036106 0.1259586 0.2166518 0.2205897 0.2129472 0.2477401 0.2687566 
Mer.arge__WA__MORA-F__ALL          0.2216167 0.2163319 0.2065417 0.2346159 0.2010025 0.0035875 0.0012694 0.0000000 0.2044393 0.2049075 0.2403180 0.2740366 0.2220241 0.2214349 0.2233632 0.2186105 0.2272573 0.2214349 0.2483905 0.3038580 0.1281419 0.2141011 0.2207076 0.2104034 0.2479674 0.2662128 
Mer.idahoensis__FTF__ALL           0.1886695 0.2166563 0.2469217 0.2263811 0.2173285 0.2253165 0.2041978 0.2044393 0.0000000 0.0012717 0.1865338 0.2134860 0.1604630 0.1599071 0.1759095 0.1611245 0.1683018 0.1599071 0.1700924 0.1960892 0.2483972 0.1931165 0.1927021 0.1856533 0.2329492 0.2204913 
Mer.idahoensis__MM__ALL            0.1890822 0.2157734 0.2446696 0.2268628 0.2178024 0.2255957 0.2046660 0.2049075 0.0012717 0.0000000 0.1856766 0.2140415 0.1608078 0.1602483 0.1762770 0.1614680 0.1686603 0.1602483 0.1704964 0.1912254 0.2475253 0.1961530 0.1957442 0.1886342 0.2267359 0.2209713 
Mer.jalisco_ALL                    0.1955897 0.2072917 0.1936179 0.2214828 0.2142836 0.2766873 0.2428223 0.2403180 0.1865338 0.1856766 0.0000000 0.1681049 0.1321228 0.1275110 0.1288690 0.1317153 0.1349424 0.1275110 0.1541736 0.2402970 0.2183599 0.1343191 0.1278647 0.1282552 0.2417179 0.2014771 
Mer_lobata__AZ-MtGr__5E            0.2628500 0.3006755 0.2518438 0.2782828 0.2603021 0.3297511 0.2761063 0.2740366 0.2134860 0.2140415 0.1681049 0.0000000 0.0631182 0.0623728 0.0234482 0.0605543 0.0591925 0.0623728 0.0710881 0.2898007 0.3074473 0.1423160 0.1427260 0.1346728 0.2909371 0.2992984 
Mer_lobata__BC__Cow_Crk__ALL       0.2079293 0.2405497 0.2281385 0.2146866 0.2111673 0.2397868 0.2234398 0.2220241 0.1604630 0.1608078 0.1321228 0.0631182 0.0000000 0.0079625 0.0403454 0.0045615 0.0059126 0.0079625 0.0059351 0.2474048 0.2528173 0.1149200 0.1168360 0.1092856 0.2267858 0.2372648 
Mer-lobata__BH__SD__ALL            0.2134651 0.2375626 0.2243822 0.2129270 0.2091114 0.2409406 0.2228580 0.2214349 0.1599071 0.1602483 0.1275110 0.0623728 0.0079625 0.0000000 0.0353025 0.0059197 0.0072950 0.0000010 0.0122069 0.2398227 0.2435163 0.1127863 0.1116469 0.1071356 0.2314858 0.2393741 
Mer_lobata__CO-Rt._91__ALL         0.2119420 0.2261664 0.2065187 0.2113329 0.2200575 0.2417120 0.2248022 0.2233632 0.1759095 0.1762770 0.1288690 0.0234482 0.0403454 0.0353025 0.0000000 0.0361147 0.0361176 0.0353025 0.0485748 0.2432810 0.2454153 0.0995264 0.1013655 0.0942944 0.2244649 0.2347029 
Mer_lobata__ID_GPine__ALL          0.2149012 0.2437071 0.2328205 0.2081771 0.2131081 0.2380730 0.2210372 0.2186105 0.1611245 0.1614680 0.1317153 0.0605543 0.0045615 0.0059197 0.0361147 0.0000000 0.0025944 0.0059197 0.0067016 0.2377182 0.2467730 0.1084125 0.1102988 0.1058636 0.2302460 0.2359425 
Mer_lobata__ID__Hayden__ALL        0.2232216 0.2528774 0.2328202 0.2155405 0.2214122 0.2443858 0.2287047 0.2272573 0.1683018 0.1686603 0.1349424 0.0591925 0.0059126 0.0072950 0.0361176 0.0025944 0.0000000 0.0072950 0.0074798 0.2377170 0.2549662 0.1111063 0.1130135 0.1085142 0.2389137 0.2403182 
Mer_lobata__SD__BH__ALL            0.2134651 0.2375626 0.2243822 0.2129270 0.2091114 0.2409406 0.2228580 0.2214349 0.1599071 0.1602483 0.1275110 0.0623728 0.0079625 0.0000010 0.0353025 0.0059197 0.0072950 0.0000000 0.0122069 0.2398227 0.2435163 0.1127863 0.1116469 0.1071356 0.2314858 0.2393741 
Mer-lobata__WY__Both_Ends          0.2435113 0.2823235 0.2599848 0.2352939 0.2429541 0.2561148 0.2486587 0.2483905 0.1700924 0.1704964 0.1541736 0.0710881 0.0059351 0.0122069 0.0485748 0.0067016 0.0074798 0.0122069 0.0000000 0.2676414 0.2845420 0.1341875 0.1351740 0.1310114 0.2560543 0.2653819 
Mer.minutiformis_ALL               0.2893979 0.2756792 0.2836813 0.3043707 0.2941024 0.3358556 0.3036106 0.3038580 0.1960892 0.1912254 0.2402970 0.2898007 0.2474048 0.2398227 0.2432810 0.2377182 0.2377170 0.2398227 0.2676414 0.0000000 0.3189159 0.2474285 0.2471067 0.2443132 0.3232480 0.2851624 
Mer_tahoensis__2016__ALL           0.2517667 0.2316975 0.2525827 0.2506899 0.2611814 0.1225554 0.1259586 0.1281419 0.2483972 0.2475253 0.2183599 0.3074473 0.2528173 0.2435163 0.2454153 0.2467730 0.2549662 0.2435163 0.2845420 0.3189159 0.0000000 0.2416410 0.2391634 0.2414702 0.2819269 0.2695034 
Mer.xavia__CA__Watson_Crk__ALL     0.2273727 0.2238196 0.2157392 0.2371075 0.2304153 0.2570595 0.2166518 0.2141011 0.1931165 0.1961530 0.1343191 0.1423160 0.1149200 0.1127863 0.0995264 0.1084125 0.1111063 0.1127863 0.1341875 0.2474285 0.2416410 0.0000000 0.0081031 0.0073146 0.2404864 0.2324549 
Mer_xavia__GVIL_1__ALL             0.2208691 0.2199558 0.2138263 0.2306772 0.2251586 0.2654661 0.2205897 0.2207076 0.1927021 0.1957442 0.1278647 0.1427260 0.1168360 0.1116469 0.1013655 0.1102988 0.1130135 0.1116469 0.1351740 0.2471067 0.2391634 0.0081031 0.0000000 0.0046463 0.2336649 0.2262671 
Mer_xavia__GVIL_2__ALL             0.2179068 0.2144433 0.2039668 0.2245668 0.2192482 0.2514354 0.2129472 0.2104034 0.1856533 0.1886342 0.1282552 0.1346728 0.1092856 0.1071356 0.0942944 0.1058636 0.1085142 0.1071356 0.1310114 0.2443132 0.2414702 0.0073146 0.0046463 0.0000000 0.2332702 0.2201956 
rhathyme__ID__Apgar_Crk__ALL       0.2001245 0.1763673 0.2132306 0.2389334 0.2220639 0.2639245 0.2477401 0.2479674 0.2329492 0.2267359 0.2417179 0.2909371 0.2267858 0.2314858 0.2244649 0.2302460 0.2389137 0.2314858 0.2560543 0.3232480 0.2819269 0.2404864 0.2336649 0.2332702 0.0000000 0.2130759 
vockerothi__NC__BRP_               0.2338497 0.1655464 0.2281976 0.2221306 0.2414992 0.2815427 0.2687566 0.2662128 0.2204913 0.2209713 0.2014771 0.2992984 0.2372648 0.2393741 0.2347029 0.2359425 0.2403182 0.2393741 0.2653819 0.2851624 0.2695034 0.2324549 0.2262671 0.2201956 0.2130759 0.0000000 
