33
appalachiensis__Coweeta__ALL       0.0000000 0.1511881 0.1234999 0.1706099 0.0923099 0.1867822 0.1696549 0.1697331 0.1461898 0.1464797 6.8605515 0.1594157 0.1533173 6.4501792 7.1448527 0.1634810 6.5204125 0.1822875 0.1533454 0.1919990 0.1594261 0.1634940 0.1632464 0.1650471 0.1699039 0.1634940 0.1812034 0.1925208 0.1732826 0.1695804 0.1674081 0.1538346 0.1754144 
blax__SD__Illumina                 0.1511881 0.0000000 0.1677310 0.1766909 0.1650274 0.1694653 0.1664544 0.1646663 0.1671849 0.1663568 6.9022146 0.1757018 0.1636929 6.6246949 7.3293994 0.1749378 6.7046343 0.1787577 0.1617713 0.2094648 0.1757235 0.1749589 0.1684454 0.1790001 0.1845462 0.1749589 0.2022644 0.1756725 0.1683431 0.1672961 0.1632596 0.1372051 0.1340332 
calciphala__LAS__ALL               0.1234999 0.1677310 0.0000000 0.1770575 0.1236952 0.1670016 0.1574567 0.1564102 0.1801556 0.1781358 7.2513659 0.1709399 0.1489654 6.7426146 7.3356211 0.1683139 6.8310580 0.1879643 0.1490524 0.1844891 0.1709580 0.1683302 0.1559288 0.1745258 0.1745123 0.1683302 0.1909688 0.1910742 0.1640852 0.1632574 0.1564929 0.1618762 0.1732335 
fusca__TN__Athens__Illumina_ALL    0.1706099 0.1766909 0.1770575 0.0000000 0.1626836 0.1868450 0.1780967 0.1781798 0.1753512 0.1757019 6.8884429 0.1613824 0.1743556 6.4168115 7.2550380 0.1601955 6.4851187 0.2159811 0.1732940 0.1978433 0.1613942 0.1602067 0.1594229 0.1577431 0.1618824 0.1602067 0.1738379 0.1943398 0.1776823 0.1741010 0.1693427 0.1782623 0.1721051 
inextricata__NC__Curtis_Crk-1__ALL 0.0923099 0.1650274 0.1236952 0.1626836 0.0000000 0.1718193 0.1561056 0.1543915 0.1647837 0.1651155 7.0818200 0.1619626 0.1631541 6.6162405 7.1782853 0.1597814 6.7030076 0.1887425 0.1628154 0.1924348 0.1619746 0.1597920 0.1691254 0.1632063 0.1683915 0.1597920 0.1811387 0.1971451 0.1720209 0.1688704 0.1649498 0.1704675 0.1814046 
Mer_arge__CA__Calco_L_             0.1867822 0.1694653 0.1670016 0.1868450 0.1718193 0.0000000 0.0035504 0.0035504 0.1618261 0.1620078 8.2864794 0.1760322 0.2051697 7.7754514 8.7201820 0.1756169 7.8663042 0.2011234 0.1990769 0.2286950 0.1760625 0.1756470 0.1767905 0.1744216 0.1782482 0.1756470 0.1834432 0.1031584 0.1853669 0.1894024 0.1816322 0.1940641 0.2084447 
Mer_arge__OR__Willamette__ALL      0.1696549 0.1664544 0.1574567 0.1780967 0.1561056 0.0035504 0.0000000 0.0012658 0.1502990 0.1506090 7.2319834 0.1669323 0.1819329 6.8575629 7.5241411 0.1654969 6.9230228 0.1892578 0.1784691 0.1976980 0.1669478 0.1655115 0.1666597 0.1655115 0.1697729 0.1655115 0.1816238 0.1067205 0.1622583 0.1636982 0.1597780 0.1845832 0.2011564 
Mer.arge__WA__MORA-F__ALL          0.1697331 0.1646663 0.1564102 0.1781798 0.1543915 0.0035504 0.0012658 0.0000000 0.1507920 0.1511026 7.2241976 0.1658385 0.1799984 6.8503591 7.5169311 0.1644043 6.9158145 0.1873410 0.1766051 0.1961563 0.1658533 0.1644182 0.1655591 0.1637198 0.1686609 0.1644182 0.1815788 0.1086335 0.1600754 0.1637751 0.1576081 0.1850661 0.1992168 
Mer.idahoensis__FTF__ALL           0.1461898 0.1671849 0.1801556 0.1753512 0.1647837 0.1618261 0.1502990 0.1507920 0.0000000 0.0012668 6.8959712 0.1283777 0.1496928 6.4557431 7.1925399 0.1285397 6.5371664 0.1692800 0.1475284 0.1648805 0.1271483 0.1273151 0.1409074 0.1283705 0.1329794 0.1273151 0.1336709 0.1874790 0.1504044 0.1495918 0.1448678 0.1754874 0.1688459 
Mer.idahoensis__MM__ALL            0.1464797 0.1663568 0.1781358 0.1757019 0.1651155 0.1620078 0.1506090 0.1511026 0.0012668 0.0000000 6.9574765 0.1286237 0.1488691 6.5126720 7.2523688 0.1287860 6.5943607 0.1681082 0.1467291 0.1652761 0.1273916 0.1275587 0.1411776 0.1286164 0.1332347 0.1275587 0.1339578 0.1866362 0.1520700 0.1512560 0.1465020 0.1716891 0.1691866 
nrminut                            6.8605515 6.9022146 7.2513659 6.8884429 7.0818200 8.2864794 7.2319834 7.2241976 6.8959712 6.9574765 0.0000000 6.8368580 7.2365036 0.1829793 0.1909047 6.7475952 0.1862032 6.1178350 7.1341689 7.2155854 6.9537034 6.8611790 6.8323879 6.9718146 6.9415095 6.8611790 7.3092445 7.4266872 6.9421770 6.8910550 6.9428141 7.0004778 6.8054423 
lobata_AZ/Cow_Crk                  0.1594157 0.1757018 0.1709399 0.1613824 0.1619626 0.1760322 0.1669323 0.1658385 0.1283777 0.1286237 6.8368580 0.0000000 0.1081561 6.3476993 6.9122578 0.0072236 6.3841514 0.1591066 0.1058771 0.0577984 0.0006380 0.0084639 0.0379292 0.0051598 0.0064749 0.0084639 0.0065176 0.1879026 0.0934659 0.0949766 0.0896230 0.1693401 0.1797166 
Meringo__Jalisco_                  0.1533173 0.1636929 0.1489654 0.1743556 0.1631541 0.2051697 0.1819329 0.1799984 0.1496928 0.1488691 7.2365036 0.1081561 0.0000000 6.6348190 7.4326180 0.1057075 6.6862831 0.1847984 0.0006533 0.1325223 0.1078116 0.1052915 0.1088482 0.1084219 0.1106504 0.1052915 0.1180511 0.1741077 0.1137473 0.1093110 0.1091063 0.1866743 0.1636305 
GVIL_MM                            6.4501792 6.6246949 6.7426146 6.4168115 6.6162405 7.7754514 6.8575629 6.8503591 6.4557431 6.5126720 0.1829793 6.3476993 6.6348190 0.0000000 0.1677514 6.3013624 0.0042444 5.9305093 6.6850971 6.5244226 6.4938680 6.4476770 6.3917041 6.5140721 6.4900414 6.4476770 6.6752067 6.8981824 6.6582980 6.6707130 6.6200820 6.6779106 6.2698005 
Mmin                               7.1448527 7.3293994 7.3356211 7.2550380 7.1782853 8.7201820 7.5241411 7.5169311 7.1925399 7.2523688 0.1909047 6.9122578 7.4326180 0.1677514 0.0000000 6.8787417 0.1689727 6.6291753 7.3607463 7.2190063 7.0266062 6.9923528 7.0531110 7.0982759 7.0682906 6.9923528 7.4292669 7.8584357 7.0173263 7.1085276 7.0190298 7.2422304 7.0607955 
SD_lobata                          0.1634810 0.1749378 0.1683139 0.1601955 0.1597814 0.1756169 0.1654969 0.1644043 0.1285397 0.1287860 6.7475952 0.0072236 0.1057075 6.3013624 6.8787417 0.0000000 6.3377101 0.1552815 0.1034519 0.0570109 0.0084639 0.0006377 0.0334418 0.0064785 0.0078047 0.0006377 0.0125031 0.1809786 0.0912631 0.0907291 0.0874336 0.1728232 0.1819904 
GVIL_xavia                         6.5204125 6.7046343 6.8310580 6.4851187 6.7030076 7.8663042 6.9230228 6.9158145 6.5371664 6.5943607 0.1862032 6.3841514 6.6862831 0.0042444 0.1689727 6.3377101 0.0000000 5.9677923 6.7362024 6.6037630 6.5338541 6.4876141 6.4321567 6.5547163 6.5304476 6.4876141 6.7212444 6.9643534 6.7032098 6.7572704 6.7067497 6.7417971 6.3670570 
Narada_Female_2___sinclairi_       0.1822875 0.1787577 0.1879643 0.2159811 0.1887425 0.2011234 0.1892578 0.1873410 0.1692800 0.1681082 6.1178350 0.1591066 0.1847984 5.9305093 6.6291753 0.1552815 5.9677923 0.0000000 0.1849903 0.1942126 0.1736265 0.1693495 0.1640044 0.1676644 0.1702881 0.1693495 0.1900086 0.2122138 0.1521206 0.1607689 0.1544392 0.2076500 0.2047412 
Mer.jalisco_ALL                    0.1533454 0.1617713 0.1490524 0.1732940 0.1628154 0.1990769 0.1784691 0.1766051 0.1475284 0.1467291 7.1341689 0.1058771 0.0006533 6.6850971 7.3607463 0.1034519 6.7362024 0.1849903 0.0000000 0.1310082 0.1047382 0.1023254 0.1048481 0.1053351 0.1074736 0.1023254 0.1186389 0.1717271 0.1086117 0.1043957 0.1041764 0.1803956 0.1569862 
Mer_lobata__AZ-MtGr__5E            0.1919990 0.2094648 0.1844891 0.1978433 0.1924348 0.2286950 0.1976980 0.1961563 0.1648805 0.1652761 7.2155854 0.0577984 0.1325223 6.5244226 7.2190063 0.0570109 6.6037630 0.1942126 0.1310082 0.0000000 0.0567053 0.0559206 0.0225674 0.0546749 0.0536432 0.0559206 0.0629121 0.2169116 0.1125892 0.1131550 0.1075121 0.2033052 0.2163915 
Mer_lobata__BC__Cow_Crk__ALL       0.1594261 0.1757235 0.1709580 0.1613942 0.1619746 0.1760625 0.1669478 0.1658533 0.1271483 0.1273916 6.9537034 0.0006380 0.1078116 6.4938680 7.0266062 0.0084639 6.5338541 0.1736265 0.1047382 0.0567053 0.0000000 0.0077915 0.0371261 0.0045026 0.0058116 0.0077915 0.0050504 0.1879322 0.0923814 0.0938884 0.0885588 0.1693570 0.1782357 
Mer-lobata__BH__SD__ALL            0.1634940 0.1749589 0.1683302 0.1602067 0.1597920 0.1756470 0.1655115 0.1644182 0.1273151 0.1275587 6.8611790 0.0084639 0.1052915 6.4476770 6.9923528 0.0006377 6.4876141 0.1693495 0.1023254 0.0559206 0.0077915 0.0000000 0.0326562 0.0058148 0.0071348 0.0000010 0.0109892 0.1810038 0.0901809 0.0896519 0.0863717 0.1728425 0.1804994 
Mer_lobata__CO-Rt._91__ALL         0.1632464 0.1684454 0.1559288 0.1594229 0.1691254 0.1767905 0.1666597 0.1655591 0.1409074 0.1411776 6.8323879 0.0379292 0.1088482 6.3917041 7.0531110 0.0334418 6.4321567 0.1640044 0.1048481 0.0225674 0.0371261 0.0326562 0.0000000 0.0333800 0.0333796 0.0326562 0.0429563 0.1825552 0.0819010 0.0833740 0.0782750 0.1646363 0.1782408 
Mer_lobata__ID_GPine__ALL          0.1650471 0.1790001 0.1745258 0.1577431 0.1632063 0.1744216 0.1655115 0.1637198 0.1283705 0.1286164 6.9718146 0.0051598 0.1084219 6.5140721 7.0982759 0.0064785 6.5547163 0.1676644 0.1053351 0.0546749 0.0045026 0.0058148 0.0333800 0.0000000 0.0025628 0.0058148 0.0057821 0.1847035 0.0879170 0.0894078 0.0861595 0.1714078 0.1787434 
Mer_lobata__ID__Hayden__ALL        0.1699039 0.1845462 0.1745123 0.1618824 0.1683915 0.1782482 0.1697729 0.1686609 0.1329794 0.1332347 6.9415095 0.0064749 0.1106504 6.4900414 7.0682906 0.0078047 6.5304476 0.1702881 0.1074736 0.0536432 0.0058116 0.0071348 0.0333796 0.0025628 0.0000000 0.0071348 0.0065191 0.1892547 0.0894724 0.0909729 0.0876921 0.1767505 0.1814390 
Mer_lobata__SD__BH__ALL            0.1634940 0.1749589 0.1683302 0.1602067 0.1597920 0.1756470 0.1655115 0.1644182 0.1273151 0.1275587 6.8611790 0.0084639 0.1052915 6.4476770 6.9923528 0.0006377 6.4876141 0.1693495 0.1023254 0.0559206 0.0077915 0.0000010 0.0326562 0.0058148 0.0071348 0.0000000 0.0109892 0.1810038 0.0901809 0.0896519 0.0863717 0.1728425 0.1804994 
Mer-lobata__WY__Both_Ends          0.1812034 0.2022644 0.1909688 0.1738379 0.1811387 0.1834432 0.1816238 0.1815788 0.1336709 0.1339578 7.3092445 0.0065176 0.1180511 6.6752067 7.4292669 0.0125031 6.7212444 0.1900086 0.1186389 0.0629121 0.0050504 0.0109892 0.0429563 0.0057821 0.0065191 0.0109892 0.0000000 0.2058201 0.1041496 0.1048310 0.1019928 0.1873584 0.1960890 
Mer_tahoensis__2016__ALL           0.1925208 0.1756725 0.1910742 0.1943398 0.1971451 0.1031584 0.1067205 0.1086335 0.1874790 0.1866362 7.4266872 0.1879026 0.1741077 6.8981824 7.8584357 0.1809786 6.9643534 0.2122138 0.1717271 0.2169116 0.1879322 0.1810038 0.1825552 0.1847035 0.1892547 0.1810038 0.2058201 0.0000000 0.1784939 0.1770144 0.1789094 0.2062039 0.2032502 
Mer.xavia__CA__Watson_Crk__ALL     0.1732826 0.1683431 0.1640852 0.1776823 0.1720209 0.1853669 0.1622583 0.1600754 0.1504044 0.1520700 6.9421770 0.0934659 0.1137473 6.6582980 7.0173263 0.0912631 6.7032098 0.1521206 0.1086117 0.1125892 0.0923814 0.0901809 0.0819010 0.0879170 0.0894724 0.0901809 0.1041496 0.1784939 0.0000000 0.0078495 0.0071409 0.1778854 0.1757381 
Mer_xavia__GVIL_1__ALL             0.1695804 0.1672961 0.1632574 0.1741010 0.1688704 0.1894024 0.1636982 0.1637751 0.1495918 0.1512560 6.8910550 0.0949766 0.1093110 6.6707130 7.1085276 0.0907291 6.7572704 0.1607689 0.1043957 0.1131550 0.0938884 0.0896519 0.0833740 0.0894078 0.0909729 0.0896519 0.1048310 0.1770144 0.0078495 0.0000000 0.0045394 0.1740868 0.1722592 
Mer_xavia__GVIL_2__ALL             0.1674081 0.1632596 0.1564929 0.1693427 0.1649498 0.1816322 0.1597780 0.1576081 0.1448678 0.1465020 6.9428141 0.0896230 0.1091063 6.6200820 7.0190298 0.0874336 6.7067497 0.1544392 0.1041764 0.1075121 0.0885588 0.0863717 0.0782750 0.0861595 0.0876921 0.0863717 0.1019928 0.1789094 0.0071409 0.0045394 0.0000000 0.1741574 0.1679012 
rhathyme__ID__Apgar_Crk__ALL       0.1538346 0.1372051 0.1618762 0.1782623 0.1704675 0.1940641 0.1845832 0.1850661 0.1754874 0.1716891 7.0004778 0.1693401 0.1866743 6.6779106 7.2422304 0.1728232 6.7417971 0.2076500 0.1803956 0.2033052 0.1693570 0.1728425 0.1646363 0.1714078 0.1767505 0.1728425 0.1873584 0.2062039 0.1778854 0.1740868 0.1741574 0.0000000 0.1619099 
vockerothi__NC__BRP_               0.1754144 0.1340332 0.1732335 0.1721051 0.1814046 0.2084447 0.2011564 0.1992168 0.1688459 0.1691866 6.8054423 0.1797166 0.1636305 6.2698005 7.0607955 0.1819904 6.3670570 0.2047412 0.1569862 0.2163915 0.1782357 0.1804994 0.1782408 0.1787434 0.1814390 0.1804994 0.1960890 0.2032502 0.1757381 0.1722592 0.1679012 0.1619099 0.0000000 
