27
appalachiensis__Coweeta__ALL       0.0000000 0.1577455 0.1260987 0.1748230 0.0919103 0.1982361 0.1778960 0.1780006 0.1526793 0.1529993 0.1593451 0.2056988 0.1691581 0.1726099 0.1734606 0.1743023 0.1797529 0.1726099 0.1939558 0.2214863 8.2267673 0.1961440 0.1834271 0.1791123 0.1769654 0.1615092 0.1844414 
blax__SD__Illumina                 0.1577455 0.0000000 0.1771306 0.1866624 0.1711485 0.1811448 0.1753447 0.1742283 0.1744842 0.1736506 0.1647933 0.2299098 0.1898216 0.1884897 0.1808413 0.1930464 0.1992537 0.1884897 0.2193250 0.2127812 8.0786242 0.1794572 0.1774290 0.1765387 0.1731540 0.1423805 0.1375019 
calciphala__LAS__ALL               0.1260987 0.1771306 0.0000000 0.1817483 0.1269930 0.1700704 0.1627833 0.1616997 0.1857001 0.1836534 0.1513743 0.1942894 0.1790063 0.1760351 0.1620969 0.1827288 0.1827269 0.1760351 0.2025772 0.2183268 8.0860694 0.1958084 0.1716723 0.1701326 0.1634780 0.1711767 0.1844473 
fusca__TN__Athens__Illumina_ALL    0.1748230 0.1866624 0.1817483 0.0000000 0.1672368 0.1994231 0.1872166 0.1873265 0.1828304 0.1832114 0.1758923 0.2126468 0.1691638 0.1680129 0.1664251 0.1643683 0.1697464 0.1680129 0.1818398 0.2305870 7.5717721 0.2006121 0.1871865 0.1825423 0.1781831 0.1877089 0.1796351 
inextricata__NC__Curtis_Crk-1__ALL 0.0919103 0.1711485 0.1269930 0.1672368 0.0000000 0.1833482 0.1659208 0.1648413 0.1723631 0.1727278 0.1680507 0.2062570 0.1706274 0.1683191 0.1769808 0.1719536 0.1777057 0.1683191 0.1941062 0.2268212 8.6577312 0.2041709 0.1820425 0.1772063 0.1743539 0.1771155 0.1914508 
Mer_arge__CA__Calco_L_             0.1982361 0.1811448 0.1700704 0.1994231 0.1833482 0.0000000 0.0035855 0.0035855 0.1730126 0.1732049 0.2119360 0.2465011 0.1879757 0.1874811 0.1876936 0.1862121 0.1904839 0.1874811 0.1998463 0.2553343 7.6588876 0.1055583 0.1991342 0.2029953 0.1962623 0.2065600 0.2239447 
Mer_arge__OR__Willamette__ALL      0.1778960 0.1753447 0.1627833 0.1872166 0.1659208 0.0035855 0.0000000 0.0012662 0.1560737 0.1564133 0.1872812 0.2103088 0.1758900 0.1743989 0.1765568 0.1735359 0.1790911 0.1743989 0.1942979 0.2291924 7.9226229 0.1072134 0.1732717 0.1745165 0.1713879 0.1939249 0.2140727 
Mer.arge__WA__MORA-F__ALL          0.1780006 0.1742283 0.1616997 0.1873265 0.1648413 0.0035855 0.0012662 0.0000000 0.1572825 0.1576244 0.1861352 0.2088563 0.1747685 0.1732757 0.1754315 0.1724207 0.1779642 0.1732757 0.1942979 0.2305824 7.9226735 0.1091283 0.1710434 0.1746219 0.1691678 0.1951866 0.2128914 
Mer.idahoensis__FTF__ALL           0.1526793 0.1744842 0.1857001 0.1828304 0.1723631 0.1730126 0.1560737 0.1572825 0.0000000 0.0012663 0.1548080 0.1706935 0.1332433 0.1332337 0.1465248 0.1344110 0.1394867 0.1332337 0.1420108 0.1557070 7.7619478 0.1912122 0.1582523 0.1569756 0.1523923 0.1861347 0.1771909 
Mer.idahoensis__MM__ALL            0.1529993 0.1736506 0.1836534 0.1832114 0.1727278 0.1732049 0.1564133 0.1576244 0.0012663 0.0000000 0.1540028 0.1711235 0.1335151 0.1335038 0.1468183 0.1346837 0.1397701 0.1335038 0.1423335 0.1521982 7.8021024 0.1903729 0.1601585 0.1588761 0.1542632 0.1817664 0.1775652 
Mer.jalisco_ALL                    0.1593451 0.1647933 0.1513743 0.1758923 0.1680507 0.2119360 0.1872812 0.1861352 0.1548080 0.1540028 0.0000000 0.1335965 0.1083335 0.1056763 0.1065645 0.1087518 0.1110471 0.1056763 0.1252304 0.1874279 7.5195446 0.1707952 0.1134441 0.1093749 0.1088318 0.1922856 0.1636206 
Mer_lobata__AZ-MtGr__5E            0.2056988 0.2299098 0.1942894 0.2126468 0.2062570 0.2465011 0.2103088 0.2088563 0.1706935 0.1711235 0.1335965 0.0000000 0.0560003 0.0550437 0.0217635 0.0539036 0.0528368 0.0550437 0.0622566 0.2164016 8.3247558 0.2285996 0.1125843 0.1127194 0.1073751 0.2218239 0.2331238 
Mer_lobata__BC__Cow_Crk__ALL       0.1691581 0.1898216 0.1790063 0.1691638 0.1706274 0.1879757 0.1758900 0.1747685 0.1332433 0.1335151 0.1083335 0.0560003 0.0000000 0.0078450 0.0373786 0.0045253 0.0058443 0.0078450 0.0058407 0.1896475 7.5936938 0.1965633 0.0939121 0.0951748 0.0900115 0.1794218 0.1929370 
Mer-lobata__BH__SD__ALL            0.1726099 0.1884897 0.1760351 0.1680129 0.1683191 0.1874811 0.1743989 0.1732757 0.1332337 0.1335038 0.1056763 0.0550437 0.0078450 0.0000000 0.0328784 0.0058511 0.0071837 0.0000010 0.0118847 0.1849789 7.6141256 0.1897886 0.0917263 0.0908372 0.0878341 0.1829477 0.1953316 
Mer_lobata__CO-Rt._91__ALL         0.1734606 0.1808413 0.1620969 0.1664251 0.1769808 0.1876936 0.1765568 0.1754315 0.1465248 0.1468183 0.1065645 0.0217635 0.0373786 0.0328784 0.0000000 0.0335832 0.0335847 0.0328784 0.0443220 0.1894539 7.5639045 0.1893342 0.0828569 0.0841101 0.0791838 0.1756369 0.1891730 
Mer_lobata__ID_GPine__ALL          0.1743023 0.1930464 0.1827288 0.1643683 0.1719536 0.1862121 0.1735359 0.1724207 0.1344110 0.1346837 0.1087518 0.0539036 0.0045253 0.0058511 0.0335832 0.0000000 0.0025762 0.0058511 0.0065823 0.1825653 7.5712777 0.1921372 0.0892452 0.0905033 0.0875352 0.1808959 0.1930709 
Mer_lobata__ID__Hayden__ALL        0.1797529 0.1992537 0.1827269 0.1697464 0.1777057 0.1904839 0.1790911 0.1779642 0.1394867 0.1397701 0.1110471 0.0528368 0.0058443 0.0071837 0.0335847 0.0025762 0.0000000 0.0071837 0.0073320 0.1825634 7.6129338 0.1979922 0.0908819 0.0921459 0.0891480 0.1868239 0.1961057 
Mer_lobata__SD__BH__ALL            0.1726099 0.1884897 0.1760351 0.1680129 0.1683191 0.1874811 0.1743989 0.1732757 0.1332337 0.1335038 0.1056763 0.0550437 0.0078450 0.0000010 0.0328784 0.0058511 0.0071837 0.0000000 0.0118847 0.1849789 7.6141256 0.1897886 0.0917263 0.0908372 0.0878341 0.1829477 0.1953316 
Mer-lobata__WY__Both_Ends          0.1939558 0.2193250 0.2025772 0.1818398 0.1941062 0.1998463 0.1942979 0.1942979 0.1420108 0.1423335 0.1252304 0.0622566 0.0058407 0.0118847 0.0443220 0.0065823 0.0073320 0.0118847 0.0000000 0.2030966 7.4514606 0.2195610 0.1081735 0.1085327 0.1060295 0.2001744 0.2149805 
Mer.minutiformis_ALL               0.2214863 0.2127812 0.2183268 0.2305870 0.2268212 0.2553343 0.2291924 0.2305824 0.1557070 0.1521982 0.1874279 0.2164016 0.1896475 0.1849789 0.1894539 0.1825653 0.1825634 0.1849789 0.2030966 0.0000000 8.5136552 0.2374394 0.1935110 0.1921318 0.1906557 0.2473178 0.2199572 
Mer.nr.minut_ALL                   8.2267673 8.0786242 8.0860694 7.5717721 8.6577312 7.6588876 7.9226229 7.9226735 7.7619478 7.8021024 7.5195446 8.3247558 7.5936938 7.6141256 7.5639045 7.5712777 7.6129338 7.6141256 7.4514606 8.5136552 0.0000000 7.8444122 7.5449087 7.4075790 7.4370690 8.1099377 7.8950535 
Mer_tahoensis__2016__ALL           0.1961440 0.1794572 0.1958084 0.2006121 0.2041709 0.1055583 0.1072134 0.1091283 0.1912122 0.1903729 0.1707952 0.2285996 0.1965633 0.1897886 0.1893342 0.1921372 0.1979922 0.1897886 0.2195610 0.2374394 7.8444122 0.0000000 0.1842120 0.1824261 0.1846334 0.2138656 0.2116365 
Mer.xavia__CA__Watson_Crk__ALL     0.1834271 0.1774290 0.1716723 0.1871865 0.1820425 0.1991342 0.1732717 0.1710434 0.1582523 0.1601585 0.1134441 0.1125843 0.0939121 0.0917263 0.0828569 0.0892452 0.0908819 0.0917263 0.1081735 0.1935110 7.5449087 0.1842120 0.0000000 0.0078554 0.0071840 0.1881898 0.1881987 
Mer_xavia__GVIL_1__ALL             0.1791123 0.1765387 0.1701326 0.1825423 0.1772063 0.2029953 0.1745165 0.1746219 0.1569756 0.1588761 0.1093749 0.1127194 0.0951748 0.0908372 0.0841101 0.0905033 0.0921459 0.0908372 0.1085327 0.1921318 7.4075790 0.1824261 0.0078554 0.0000000 0.0045390 0.1837580 0.1843779 
Mer_xavia__GVIL_2__ALL             0.1769654 0.1731540 0.1634780 0.1781831 0.1743539 0.1962623 0.1713879 0.1691678 0.1523923 0.1542632 0.1088318 0.1073751 0.0900115 0.0878341 0.0791838 0.0875352 0.0891480 0.0878341 0.1060295 0.1906557 7.4370690 0.1846334 0.0071840 0.0045390 0.0000000 0.1839114 0.1803349 
rhathyme__ID__Apgar_Crk__ALL       0.1615092 0.1423805 0.1711767 0.1877089 0.1771155 0.2065600 0.1939249 0.1951866 0.1861347 0.1817664 0.1922856 0.2218239 0.1794218 0.1829477 0.1756369 0.1808959 0.1868239 0.1829477 0.2001744 0.2473178 8.1099377 0.2138656 0.1881898 0.1837580 0.1839114 0.0000000 0.1681870 
vockerothi__NC__BRP_               0.1844414 0.1375019 0.1844473 0.1796351 0.1914508 0.2239447 0.2140727 0.2128914 0.1771909 0.1775652 0.1636206 0.2331238 0.1929370 0.1953316 0.1891730 0.1930709 0.1961057 0.1953316 0.2149805 0.2199572 7.8950535 0.2116365 0.1881987 0.1843779 0.1803349 0.1681870 0.0000000 
