26
appalachiensis__Coweeta__ALL       0.0000000 0.1849855 0.2215875 0.1474244 0.2115057 0.1035539 0.2355631 0.2114382 0.2115517 0.1801875 0.1805855 0.2495347 0.1991447 0.2043716 0.2035414 0.2058658 0.2137024 0.2043716 0.2321791 0.2385885 0.2180662 0.2120605 0.2091070 0.3292945 0.2661571 0.3213726 
blax__SD__Illumina                 0.1849855 0.0000000 0.1592980 0.2073966 0.2217014 0.2024275 0.2149003 0.2076620 0.2055535 0.2063647 0.2055145 0.2809322 0.2284635 0.2257263 0.2147744 0.2314651 0.2402541 0.2257263 0.2672273 0.2189135 0.2133188 0.2101049 0.2049151 0.3414071 0.3053941 0.3061147 
vockerothi__NC__BRP_               0.2215875 0.1592980 0.0000000 0.2164982 0.2112636 0.2291135 0.2661188 0.2548588 0.2526344 0.2098062 0.2102660 0.2813108 0.2267742 0.2286622 0.2232260 0.2254832 0.2297044 0.2286622 0.2531896 0.2542473 0.2221102 0.2162437 0.2107314 0.2987709 0.2601934 0.3197971 
calciphala__LAS__ALL               0.1474244 0.2073966 0.2164982 0.0000000 0.2201095 0.1465828 0.2120464 0.1974563 0.1962426 0.2308964 0.2287461 0.2373317 0.2169085 0.2133867 0.1960537 0.2213934 0.2214062 0.2133867 0.2466967 0.2380822 0.2061237 0.2043748 0.1951545 0.3126283 0.2747655 0.3351781 
fusca__TN__Athens__Illumina_ALL    0.2115057 0.2217014 0.2112636 0.2201095 0.0000000 0.1991632 0.2377567 0.2228264 0.2229468 0.2159770 0.2164409 0.2601506 0.2038446 0.2019772 0.2000562 0.1978219 0.2048014 0.2019772 0.2224655 0.2383932 0.2253408 0.2192687 0.2135123 0.3554754 0.2999861 0.3354203 
inextricata__NC__Curtis_Crk-1__ALL 0.1035539 0.2024275 0.2291135 0.1465828 0.1991632 0.0000000 0.2155926 0.1948503 0.1927992 0.2066975 0.2071525 0.2474432 0.2019135 0.2000034 0.2104338 0.2037594 0.2117722 0.2000034 0.2316264 0.2465657 0.2204649 0.2151349 0.2099382 0.3058514 0.2676844 0.3344021 
Mer_arge__CA__Calco_L_             0.2355631 0.2149003 0.2661188 0.2120464 0.2377567 0.2155926 0.0000000 0.0035817 0.0035817 0.2118999 0.2121587 0.3074784 0.2267752 0.2275703 0.2287363 0.2249847 0.2310203 0.2275703 0.2418288 0.1189341 0.2428883 0.2503516 0.2381080 0.3342646 0.3085312 0.3625284 
Mer_arge__OR__Willamette__ALL      0.2114382 0.2076620 0.2548588 0.1974563 0.2228264 0.1948503 0.0035817 0.0000000 0.0012668 0.1924158 0.1928603 0.2594853 0.2120544 0.2112847 0.2133372 0.2097462 0.2170203 0.2112847 0.2355672 0.1220458 0.2064133 0.2098431 0.2032533 0.3291399 0.2973038 0.3440534 
Mer.arge__WA__MORA-F__ALL          0.2115517 0.2055535 0.2526344 0.1962426 0.2229468 0.1927992 0.0035817 0.0012668 0.0000000 0.1928526 0.1932981 0.2576383 0.2107671 0.2099912 0.2120307 0.2076168 0.2157063 0.2099912 0.2354130 0.1241763 0.2039672 0.2099609 0.2008142 0.3280617 0.2962541 0.3429399 
Mer.idahoensis__FTF__ALL           0.1801875 0.2063647 0.2098062 0.2308964 0.2159770 0.2066975 0.2118999 0.1924158 0.1928526 0.0000000 0.0012686 0.2036715 0.1546145 0.1542909 0.1696667 0.1554204 0.1623693 0.1542909 0.1640474 0.2341192 0.1854663 0.1849675 0.1782574 0.3839723 0.2805404 0.3277740 
Mer.idahoensis__MM__ALL            0.1805855 0.2055145 0.2102660 0.2287461 0.2164409 0.2071525 0.2121587 0.1928603 0.1932981 0.0012686 0.0000000 0.2042097 0.1549528 0.1546264 0.1700275 0.1557579 0.1627218 0.1546264 0.1644441 0.2332743 0.1883928 0.1878971 0.1811248 0.3831368 0.2796820 0.3269197 
Mer_lobata__AZ-MtGr__5E            0.2495347 0.2809322 0.2813108 0.2373317 0.2601506 0.2474432 0.3074784 0.2594853 0.2576383 0.2036715 0.2042097 0.0000000 0.0617246 0.0608776 0.0229035 0.0592208 0.0578982 0.0608776 0.0693970 0.2871090 0.1362631 0.1368000 0.1292387 0.3930198 0.3463206 0.3849964 
Mer_lobata__BC__Cow_Crk__ALL       0.1991447 0.2284635 0.2267742 0.2169085 0.2038446 0.2019135 0.2267752 0.2120544 0.2107671 0.1546145 0.1549528 0.0617246 0.0000000 0.0079367 0.0398127 0.0045502 0.0058962 0.0079367 0.0058966 0.2385595 0.1110680 0.1130271 0.1058604 0.3541748 0.3087984 0.3123165 
Mer-lobata__BH__SD__ALL            0.2043716 0.2257263 0.2286622 0.2133867 0.2019772 0.2000034 0.2275703 0.2112847 0.2099912 0.1542909 0.1546264 0.0608776 0.0079367 0.0000000 0.0348454 0.0059027 0.0072718 0.0000010 0.0121165 0.2294075 0.1087919 0.1077866 0.1035785 0.3499355 0.2989311 0.3074904 
Mer_lobata__CO-Rt._91__ALL         0.2035414 0.2147744 0.2232260 0.1960537 0.2000562 0.2104338 0.2287363 0.2133372 0.2120307 0.1696667 0.1700275 0.0229035 0.0398127 0.0348454 0.0000000 0.0356454 0.0356493 0.0348454 0.0477738 0.2315389 0.0962400 0.0981153 0.0914168 0.3467938 0.2977789 0.3155670 
Mer_lobata__ID_GPine__ALL          0.2058658 0.2314651 0.2254832 0.2213934 0.1978219 0.2037594 0.2249847 0.2097462 0.2076168 0.1554204 0.1557579 0.0592208 0.0045502 0.0059027 0.0356454 0.0000000 0.0025888 0.0059027 0.0066570 0.2328735 0.1048715 0.1067984 0.1026557 0.3450655 0.3032888 0.3118933 
Mer_lobata__ID__Hayden__ALL        0.2137024 0.2402541 0.2297044 0.2214062 0.2048014 0.2117722 0.2310203 0.2170203 0.2157063 0.1623693 0.1627218 0.0578982 0.0058962 0.0072718 0.0356493 0.0025888 0.0000000 0.0072718 0.0074290 0.2406060 0.1073441 0.1092928 0.1050911 0.3504958 0.3083779 0.3223127 
Mer_lobata__SD__BH__ALL            0.2043716 0.2257263 0.2286622 0.2133867 0.2019772 0.2000034 0.2275703 0.2112847 0.2099912 0.1542909 0.1546264 0.0608776 0.0079367 0.0000010 0.0348454 0.0059027 0.0072718 0.0000000 0.0121165 0.2294075 0.1087919 0.1077866 0.1035785 0.3499355 0.2989311 0.3074904 
Mer-lobata__WY__Both_Ends          0.2321791 0.2672273 0.2531896 0.2466967 0.2224655 0.2316264 0.2418288 0.2355672 0.2354130 0.1640474 0.1644441 0.0693970 0.0058966 0.0121165 0.0477738 0.0066570 0.0074290 0.0121165 0.0000000 0.2675047 0.1295136 0.1305809 0.1267470 0.3655958 0.3420441 0.3453213 
Mer_tahoensis__2016__ALL           0.2385885 0.2189135 0.2542473 0.2380822 0.2383932 0.2465657 0.1189341 0.1220458 0.1241763 0.2341192 0.2332743 0.2871090 0.2385595 0.2294075 0.2315389 0.2328735 0.2406060 0.2294075 0.2675047 0.0000000 0.2282832 0.2260021 0.2284177 0.3757920 0.3288261 0.3943237 
Mer.xavia__CA__Watson_Crk__ALL     0.2180662 0.2133188 0.2221102 0.2061237 0.2253408 0.2204649 0.2428883 0.2064133 0.2039672 0.1854663 0.1883928 0.1362631 0.1110680 0.1087919 0.0962400 0.1048715 0.1073441 0.1087919 0.1295136 0.2282832 0.0000000 0.0080445 0.0072924 0.3326322 0.2740461 0.3122671 
Mer_xavia__GVIL_1__ALL             0.2120605 0.2101049 0.2162437 0.2043748 0.2192687 0.2151349 0.2503516 0.2098431 0.2099609 0.1849675 0.1878971 0.1368000 0.1130271 0.1077866 0.0981153 0.1067984 0.1092928 0.1077866 0.1305809 0.2260021 0.0080445 0.0000000 0.0046150 0.3239230 0.2759925 0.3081958 
Mer_xavia__GVIL_2__ALL             0.2091070 0.2049151 0.2107314 0.1951545 0.2135123 0.2099382 0.2381080 0.2032533 0.2008142 0.1782574 0.1811248 0.1292387 0.1058604 0.1035785 0.0914168 0.1026557 0.1050911 0.1035785 0.1267470 0.2284177 0.0072924 0.0046150 0.0000000 0.3187585 0.2708829 0.2977177 
Dsimilis                           0.3292945 0.3414071 0.2987709 0.3126283 0.3554754 0.3058514 0.3342646 0.3291399 0.3280617 0.3839723 0.3831368 0.3930198 0.3541748 0.3499355 0.3467938 0.3450655 0.3504958 0.3499355 0.3655958 0.3757920 0.3326322 0.3239230 0.3187585 0.0000000 0.2082448 0.2134782 
Dterna                             0.2661571 0.3053941 0.2601934 0.2747655 0.2999861 0.2676844 0.3085312 0.2973038 0.2962541 0.2805404 0.2796820 0.3463206 0.3087984 0.2989311 0.2977789 0.3032888 0.3083779 0.2989311 0.3420441 0.3288261 0.2740461 0.2759925 0.2708829 0.2082448 0.0000000 0.2086105 
Dhegem                             0.3213726 0.3061147 0.3197971 0.3351781 0.3354203 0.3344021 0.3625284 0.3440534 0.3429399 0.3277740 0.3269197 0.3849964 0.3123165 0.3074904 0.3155670 0.3118933 0.3223127 0.3074904 0.3453213 0.3943237 0.3122671 0.3081958 0.2977177 0.2134782 0.2086105 0.0000000 
