27
appalachiensis__Coweeta__ALL       0.0000000 0.1577451 0.1260985 0.1748225 0.0919102 0.1982355 0.1778955 0.1780001 0.1526788 0.1529989 0.1593447 0.2056981 0.1691577 0.1726095 0.1734602 0.1743019 0.1797524 0.1726095 0.1939552 0.2214855 8.2265674 0.1961434 0.1834266 0.1791118 0.1769649 0.1615088 0.1844407 
blax__SD__Illumina                 0.1577451 0.0000000 0.1771301 0.1866618 0.1711480 0.1811442 0.1753442 0.1742278 0.1744837 0.1736501 0.1647929 0.2299086 0.1898209 0.1884890 0.1808407 0.1930457 0.1992530 0.1884890 0.2193241 0.2127805 8.0784244 0.1794567 0.1774284 0.1765382 0.1731534 0.1423802 0.1375017 
calciphala__LAS__ALL               0.1260985 0.1771301 0.0000000 0.1817478 0.1269928 0.1700699 0.1627828 0.1616992 0.1856993 0.1836527 0.1513739 0.1942886 0.1790058 0.1760345 0.1620964 0.1827282 0.1827264 0.1760345 0.2025766 0.2183260 8.0858738 0.1958078 0.1716718 0.1701321 0.1634776 0.1711762 0.1844466 
fusca__TN__Athens__Illumina_ALL    0.1748225 0.1866618 0.1817478 0.0000000 0.1672364 0.1994225 0.1872160 0.1873259 0.1828299 0.1832109 0.1758919 0.2126459 0.1691634 0.1680124 0.1664246 0.1643678 0.1697459 0.1680124 0.1818392 0.2305860 7.5715881 0.2006116 0.1871859 0.1825417 0.1781826 0.1877084 0.1796345 
inextricata__NC__Curtis_Crk-1__ALL 0.0919102 0.1711480 0.1269928 0.1672364 0.0000000 0.1833477 0.1659204 0.1648409 0.1723626 0.1727273 0.1680502 0.2062563 0.1706269 0.1683187 0.1769804 0.1719531 0.1777052 0.1683187 0.1941056 0.2268202 8.6575154 0.2041702 0.1820420 0.1772058 0.1743535 0.1771150 0.1914501 
Mer_arge__CA__Calco_L_             0.1982355 0.1811442 0.1700699 0.1994225 0.1833477 0.0000000 0.0035855 0.0035855 0.1730119 0.1732042 0.2119352 0.2464999 0.1879751 0.1874805 0.1876930 0.1862115 0.1904833 0.1874805 0.1998456 0.2553331 7.6586974 0.1055582 0.1991335 0.2029945 0.1962615 0.2065592 0.2239437 
Mer_arge__OR__Willamette__ALL      0.1778955 0.1753442 0.1627828 0.1872160 0.1659204 0.0035855 0.0000000 0.0012662 0.1560732 0.1564128 0.1872805 0.2103080 0.1758895 0.1743984 0.1765562 0.1735354 0.1790906 0.1743984 0.1942973 0.2291914 7.9224256 0.1072134 0.1732712 0.1745159 0.1713874 0.1939242 0.2140719 
Mer.arge__WA__MORA-F__ALL          0.1780001 0.1742278 0.1616992 0.1873259 0.1648409 0.0035855 0.0012662 0.0000000 0.1572820 0.1576239 0.1861346 0.2088555 0.1747680 0.1732752 0.1754310 0.1724202 0.1779637 0.1732752 0.1942973 0.2305814 7.9224777 0.1091283 0.1710429 0.1746214 0.1691673 0.1951860 0.2128906 
Mer.idahoensis__FTF__ALL           0.1526788 0.1744837 0.1856993 0.1828299 0.1723626 0.1730119 0.1560732 0.1572820 0.0000000 0.0012663 0.1548077 0.1706931 0.1332431 0.1332335 0.1465245 0.1344108 0.1394864 0.1332335 0.1420106 0.1557066 7.7617584 0.1912115 0.1582519 0.1569752 0.1523920 0.1861342 0.1771903 
Mer.idahoensis__MM__ALL            0.1529989 0.1736501 0.1836527 0.1832109 0.1727273 0.1732042 0.1564128 0.1576239 0.0012663 0.0000000 0.1540025 0.1711231 0.1335149 0.1335036 0.1468180 0.1346835 0.1397699 0.1335036 0.1423333 0.1521978 7.8019119 0.1903722 0.1601582 0.1588757 0.1542628 0.1817659 0.1775646 
Mer.jalisco_ALL                    0.1593447 0.1647929 0.1513739 0.1758919 0.1680502 0.2119352 0.1872805 0.1861346 0.1548077 0.1540025 0.0000000 0.1335963 0.1083334 0.1056762 0.1065644 0.1087516 0.1110469 0.1056762 0.1252302 0.1874274 7.5193729 0.1707948 0.1134440 0.1093748 0.1088317 0.1922850 0.1636201 
Mer_lobata__AZ-MtGr__5E            0.2056981 0.2299086 0.1942886 0.2126459 0.2062563 0.2464999 0.2103080 0.2088555 0.1706931 0.1711231 0.1335963 0.0000000 0.0560003 0.0550437 0.0217635 0.0539036 0.0528368 0.0550437 0.0622566 0.2164008 8.3245437 0.2285986 0.1125842 0.1127192 0.1073749 0.2218229 0.2331228 
Mer_lobata__BC__Cow_Crk__ALL       0.1691577 0.1898209 0.1790058 0.1691634 0.1706269 0.1879751 0.1758895 0.1747680 0.1332431 0.1335149 0.1083334 0.0560003 0.0000000 0.0078450 0.0373786 0.0045253 0.0058443 0.0078450 0.0058407 0.1896470 7.5935142 0.1965626 0.0939120 0.0951747 0.0900115 0.1794213 0.1929363 
Mer-lobata__BH__SD__ALL            0.1726095 0.1884890 0.1760345 0.1680124 0.1683187 0.1874805 0.1743984 0.1732752 0.1332335 0.1335036 0.1056762 0.0550437 0.0078450 0.0000000 0.0328784 0.0058511 0.0071837 0.0000010 0.0118847 0.1849784 7.6139476 0.1897880 0.0917263 0.0908371 0.0878340 0.1829472 0.1953309 
Mer_lobata__CO-Rt._91__ALL         0.1734602 0.1808407 0.1620964 0.1664246 0.1769804 0.1876930 0.1765562 0.1754310 0.1465245 0.1468180 0.1065644 0.0217635 0.0373786 0.0328784 0.0000000 0.0335832 0.0335847 0.0328784 0.0443220 0.1894534 7.5637175 0.1893336 0.0828569 0.0841101 0.0791837 0.1756364 0.1891724 
Mer_lobata__ID_GPine__ALL          0.1743019 0.1930457 0.1827282 0.1643678 0.1719531 0.1862115 0.1735354 0.1724202 0.1344108 0.1346835 0.1087516 0.0539036 0.0045253 0.0058511 0.0335832 0.0000000 0.0025762 0.0058511 0.0065823 0.1825648 7.5710973 0.1921366 0.0892451 0.0905032 0.0875351 0.1808954 0.1930703 
Mer_lobata__ID__Hayden__ALL        0.1797524 0.1992530 0.1827264 0.1697459 0.1777052 0.1904833 0.1790906 0.1779637 0.1394864 0.1397699 0.1110469 0.0528368 0.0058443 0.0071837 0.0335847 0.0025762 0.0000000 0.0071837 0.0073320 0.1825629 7.6127518 0.1979915 0.0908819 0.0921458 0.0891479 0.1868234 0.1961051 
Mer_lobata__SD__BH__ALL            0.1726095 0.1884890 0.1760345 0.1680124 0.1683187 0.1874805 0.1743984 0.1732752 0.1332335 0.1335036 0.1056762 0.0550437 0.0078450 0.0000010 0.0328784 0.0058511 0.0071837 0.0000000 0.0118847 0.1849784 7.6139476 0.1897880 0.0917263 0.0908371 0.0878340 0.1829472 0.1953309 
Mer-lobata__WY__Both_Ends          0.1939552 0.2193241 0.2025766 0.1818392 0.1941056 0.1998456 0.1942973 0.1942973 0.1420106 0.1423333 0.1252302 0.0622566 0.0058407 0.0118847 0.0443220 0.0065823 0.0073320 0.0118847 0.0000000 0.2030960 7.4512859 0.2195601 0.1081734 0.1085326 0.1060294 0.2001738 0.2149797 
Mer.minutiformis_ALL               0.2214855 0.2127805 0.2183260 0.2305860 0.2268202 0.2553331 0.2291914 0.2305814 0.1557066 0.1521978 0.1874274 0.2164008 0.1896470 0.1849784 0.1894534 0.1825648 0.1825629 0.1849784 0.2030960 0.0000000 8.5134359 0.2374383 0.1935104 0.1921312 0.1906551 0.2473168 0.2199562 
Mer.nr.minut_ALL                   8.2265674 8.0784244 8.0858738 7.5715881 8.6575154 7.6586974 7.9224256 7.9224777 7.7617584 7.8019119 7.5193729 8.3245437 7.5935142 7.6139476 7.5637175 7.5710973 7.6127518 7.6139476 7.4512859 8.5134359 0.0000000 7.8442237 7.5447307 7.4074051 7.4368945 8.1097372 7.8948561 
Mer_tahoensis__2016__ALL           0.1961434 0.1794567 0.1958078 0.2006116 0.2041702 0.1055582 0.1072134 0.1091283 0.1912115 0.1903722 0.1707948 0.2285986 0.1965626 0.1897880 0.1893336 0.1921366 0.1979915 0.1897880 0.2195601 0.2374383 7.8442237 0.0000000 0.1842114 0.1824256 0.1846328 0.2138648 0.2116357 
Mer.xavia__CA__Watson_Crk__ALL     0.1834266 0.1774284 0.1716718 0.1871859 0.1820420 0.1991335 0.1732712 0.1710429 0.1582519 0.1601582 0.1134440 0.1125842 0.0939120 0.0917263 0.0828569 0.0892451 0.0908819 0.0917263 0.1081734 0.1935104 7.5447307 0.1842114 0.0000000 0.0078554 0.0071840 0.1881893 0.1881982 
Mer_xavia__GVIL_1__ALL             0.1791118 0.1765382 0.1701321 0.1825417 0.1772058 0.2029945 0.1745159 0.1746214 0.1569752 0.1588757 0.1093748 0.1127192 0.0951747 0.0908371 0.0841101 0.0905032 0.0921458 0.0908371 0.1085326 0.1921312 7.4074051 0.1824256 0.0078554 0.0000000 0.0045390 0.1837575 0.1843773 
Mer_xavia__GVIL_2__ALL             0.1769649 0.1731534 0.1634776 0.1781826 0.1743535 0.1962615 0.1713874 0.1691673 0.1523920 0.1542628 0.1088317 0.1073749 0.0900115 0.0878340 0.0791837 0.0875351 0.0891479 0.0878340 0.1060294 0.1906551 7.4368945 0.1846328 0.0071840 0.0045390 0.0000000 0.1839109 0.1803343 
rhathyme__ID__Apgar_Crk__ALL       0.1615088 0.1423802 0.1711762 0.1877084 0.1771150 0.2065592 0.1939242 0.1951860 0.1861342 0.1817659 0.1922850 0.2218229 0.1794213 0.1829472 0.1756364 0.1808954 0.1868234 0.1829472 0.2001738 0.2473168 8.1097372 0.2138648 0.1881893 0.1837575 0.1839109 0.0000000 0.1681866 
vockerothi__NC__BRP_               0.1844407 0.1375017 0.1844466 0.1796345 0.1914501 0.2239437 0.2140719 0.2128906 0.1771903 0.1775646 0.1636201 0.2331228 0.1929363 0.1953309 0.1891724 0.1930703 0.1961051 0.1953309 0.2149797 0.2199562 7.8948561 0.2116357 0.1881982 0.1843773 0.1803343 0.1681866 0.0000000 
